69
OK649505_merumontanus_732 0.0000000 0.0084315 0.0589072 0.0861872 0.0489047 0.0650097 0.0400997 0.0491804 0.0829408 0.0829408 0.0643624 0.0490190 0.1113345 0.0489047 0.0491263 0.0490125 0.0491804 0.0490125 0.0489256 0.0489047 0.0489047 0.0084315 0.0491263 0.0491263 0.0491263 0.0521202 0.0491155 0.0581475 0.0581475 0.0000010 0.0520923 0.0491263 0.0747848 0.0650097 0.0651660 0.0779061 0.0000010 0.0986646 0.0400997 0.0112379 0.0140434 0.0140434 0.0112133 0.0519982 0.0140378 0.0490125 0.0490190 0.0490125 0.0140434 0.0461153 0.0460077 0.0460077 0.0400871 0.0400871 0.0112388 0.0490190 0.0490401 0.0027931 0.0462832 0.0682055 0.0682055 0.0682055 0.0682055 0.0400997 0.0400997 0.0400997 0.0400997 0.0400997 0.0400997 
OK649506_grayii_827       0.0084315 0.0000000 0.0558805 0.0898211 0.0490784 0.0619640 0.0371822 0.0462205 0.0865388 0.0865388 0.0645962 0.0490784 0.1216908 0.0490784 0.0491872 0.0491872 0.0462205 0.0491872 0.0490994 0.0490784 0.0490784 0.0000010 0.0491872 0.0491872 0.0491872 0.0521841 0.0491752 0.0550297 0.0550297 0.0084315 0.0522788 0.0491872 0.0716877 0.0619640 0.0619640 0.0747992 0.0084315 0.1025288 0.0371822 0.0027961 0.0169712 0.0169712 0.0141156 0.0521841 0.0141156 0.0491872 0.0490784 0.0491872 0.0169712 0.0492369 0.0492369 0.0492369 0.0431581 0.0431581 0.0141156 0.0490784 0.0490994 0.0112634 0.0373347 0.0681410 0.0681410 0.0681410 0.0681410 0.0371822 0.0371822 0.0371822 0.0371822 0.0371822 0.0371822 
OK649507_merumontanus_45  0.0589072 0.0558805 0.0000000 0.0965905 0.0867136 0.0112402 0.0257676 0.0837692 0.0932591 0.0932591 0.0937744 0.0869251 0.1366552 0.0867136 0.0871190 0.0869065 0.0837692 0.0869065 0.0867451 0.0867136 0.0867136 0.0558805 0.0871190 0.0871190 0.0871190 0.0903108 0.0871047 0.0373839 0.0373839 0.0589072 0.0902556 0.0871190 0.0199017 0.0112402 0.0112658 0.0227798 0.0589072 0.0411882 0.0257676 0.0587994 0.0682017 0.0682017 0.0651043 0.0900900 0.0681748 0.0869065 0.0869251 0.0869065 0.0682017 0.0526583 0.0525338 0.0525338 0.0376585 0.0376585 0.0652610 0.0869251 0.0869568 0.0621257 0.0552753 0.0169256 0.0169256 0.0169256 0.0169256 0.0257676 0.0257676 0.0257676 0.0257676 0.0257676 0.0257676 
OK649508_bonaespei_47     0.0861872 0.0898211 0.0965905 0.0000000 0.1019477 0.1029868 0.0828302 0.1025335 0.0027829 0.0027829 0.1255476 0.1021978 0.1288115 0.1019477 0.1024241 0.1021730 0.1025335 0.1021730 0.1019817 0.1019477 0.1019477 0.0898211 0.1024241 0.1024241 0.1024241 0.1056595 0.1024107 0.0860902 0.0860902 0.0861872 0.1055924 0.1024241 0.1134956 0.1029868 0.1032419 0.1167695 0.0861872 0.1392255 0.0828302 0.0927816 0.0957623 0.0957623 0.0925767 0.0989972 0.0957253 0.1021730 0.1021978 0.1021730 0.0957623 0.0797176 0.0795266 0.0795266 0.0828241 0.0828241 0.0928025 0.1021978 0.1022319 0.0895607 0.0893524 0.0999652 0.0999652 0.0999652 0.0999652 0.0828302 0.0828302 0.0828302 0.0828302 0.0828302 0.0828302 
OK649509_grayii_88        0.0489047 0.0490784 0.0867136 0.1019477 0.0000000 0.0930129 0.0640871 0.0055741 0.0986187 0.0986187 0.0226208 0.0000010 0.1182839 0.0000010 0.0027847 0.0027785 0.0055741 0.0027785 0.0083595 0.0000010 0.0000010 0.0490784 0.0027847 0.0027847 0.0027847 0.0055799 0.0000010 0.0795702 0.0795702 0.0489047 0.0055775 0.0027847 0.1032966 0.0930129 0.0932409 0.1065203 0.0489047 0.1284607 0.0640871 0.0519467 0.0579172 0.0579172 0.0549118 0.0055674 0.0578948 0.0027785 0.0000010 0.0027785 0.0579172 0.0765071 0.0763244 0.0763244 0.0640785 0.0640785 0.0550410 0.0000010 0.0083783 0.0520055 0.0612647 0.0965010 0.0965010 0.0965010 0.0965010 0.0640871 0.0640871 0.0640871 0.0640871 0.0640871 0.0640871 
OK649510_merumontanus_92  0.0650097 0.0619640 0.0112402 0.1029868 0.0930129 0.0000000 0.0315915 0.0900595 0.0996211 0.0996211 0.1066238 0.0932409 0.1434012 0.0930129 0.0934487 0.0932197 0.0900595 0.0932197 0.0930456 0.0930129 0.0930129 0.0619640 0.0934487 0.0934487 0.0934487 0.0966663 0.0934346 0.0432713 0.0432713 0.0650097 0.0966061 0.0934487 0.0084559 0.0000010 0.0000010 0.0112917 0.0650097 0.0533145 0.0315915 0.0648908 0.0743792 0.0743792 0.0712580 0.0964288 0.0743500 0.0932197 0.0932409 0.0932197 0.0743792 0.0586990 0.0585596 0.0585596 0.0435896 0.0435896 0.0714303 0.0932409 0.0932737 0.0682670 0.0551862 0.0055942 0.0055942 0.0055942 0.0055942 0.0315915 0.0315915 0.0315915 0.0315915 0.0315915 0.0315915 
OK649511_merumontanus_117 0.0400997 0.0371822 0.0257676 0.0828302 0.0640871 0.0315915 0.0000000 0.0612096 0.0796095 0.0796095 0.0768703 0.0642390 0.1153103 0.0640871 0.0643808 0.0642282 0.0612096 0.0642282 0.0641129 0.0640871 0.0640871 0.0371822 0.0643808 0.0643808 0.0643808 0.0674435 0.0643674 0.0283644 0.0283644 0.0400997 0.0674054 0.0643808 0.0406901 0.0315915 0.0316650 0.0436663 0.0400997 0.0694720 0.0000010 0.0400280 0.0490148 0.0490148 0.0460405 0.0672833 0.0489956 0.0642282 0.0642390 0.0642282 0.0490148 0.0429858 0.0428863 0.0428863 0.0226272 0.0226272 0.0461472 0.0642390 0.0642649 0.0431487 0.0342696 0.0374835 0.0374835 0.0374835 0.0374835 0.0000010 0.0000010 0.0000010 0.0000010 0.0000010 0.0000010 
OK649512_grayii_148       0.0491804 0.0462205 0.0837692 0.1025335 0.0055741 0.0900595 0.0612096 0.0000000 0.0991842 0.0991842 0.0226594 0.0055867 0.1189668 0.0055741 0.0027894 0.0027829 0.0000010 0.0027829 0.0083737 0.0055741 0.0055741 0.0462205 0.0027894 0.0027894 0.0027894 0.0055894 0.0055971 0.0766643 0.0766643 0.0491804 0.0055868 0.0027894 0.1003087 0.0900595 0.0902802 0.1035276 0.0491804 0.1292243 0.0612096 0.0490914 0.0582449 0.0582449 0.0552223 0.0055762 0.0582221 0.0027829 0.0055867 0.0027829 0.0582449 0.0769428 0.0767581 0.0767581 0.0644420 0.0644420 0.0553527 0.0055867 0.0083925 0.0522994 0.0583815 0.0964617 0.0964617 0.0964617 0.0964617 0.0612096 0.0612096 0.0612096 0.0612096 0.0612096 0.0612096 
OK649513_bonaespei_158    0.0829408 0.0865388 0.0932591 0.0027829 0.0986187 0.0996211 0.0796095 0.0991842 0.0000000 0.0000010 0.1220687 0.0988596 0.1253164 0.0986187 0.0990783 0.0988363 0.0991842 0.0988363 0.0986521 0.0986187 0.0986187 0.0865388 0.0990783 0.0990783 0.0990783 0.1022955 0.0990647 0.0828470 0.0828470 0.0829408 0.1022313 0.0990783 0.1100512 0.0996211 0.0998670 0.1133073 0.0829408 0.1355828 0.0796095 0.0894905 0.0924610 0.0924610 0.0892931 0.0956772 0.0924254 0.0988363 0.0988596 0.0988363 0.0924610 0.0765125 0.0763298 0.0763298 0.0796029 0.0796029 0.0895101 0.0988596 0.0988932 0.0862883 0.0860881 0.0966093 0.0966093 0.0966093 0.0966093 0.0796095 0.0796095 0.0796095 0.0796095 0.0796095 0.0796095 
OK649514_bonaespei_159    0.0829408 0.0865388 0.0932591 0.0027829 0.0986187 0.0996211 0.0796095 0.0991842 0.0000010 0.0000000 0.1220687 0.0988596 0.1253164 0.0986187 0.0990783 0.0988363 0.0991842 0.0988363 0.0986521 0.0986187 0.0986187 0.0865388 0.0990783 0.0990783 0.0990783 0.1022955 0.0990647 0.0828470 0.0828470 0.0829408 0.1022313 0.0990783 0.1100512 0.0996211 0.0998670 0.1133073 0.0829408 0.1355828 0.0796095 0.0894905 0.0924610 0.0924610 0.0892931 0.0956772 0.0924254 0.0988363 0.0988596 0.0988363 0.0924610 0.0765125 0.0763298 0.0763298 0.0796029 0.0796029 0.0895101 0.0988596 0.0988932 0.0862883 0.0860881 0.0966093 0.0966093 0.0966093 0.0966093 0.0796095 0.0796095 0.0796095 0.0796095 0.0796095 0.0796095 
OK649515_grayii_176       0.0643624 0.0645962 0.0937744 0.1255476 0.0226208 0.1066238 0.0768703 0.0226594 0.1220687 0.1220687 0.0000000 0.0226726 0.1390705 0.0226208 0.0198104 0.0197652 0.0226594 0.0197652 0.0197567 0.0226208 0.0226208 0.0645962 0.0198104 0.0198104 0.0198104 0.0226841 0.0227161 0.0927405 0.0927405 0.0643624 0.0226727 0.0198104 0.1172391 0.1066238 0.1068896 0.1137622 0.0643624 0.1295511 0.0768703 0.0675078 0.0736337 0.0736337 0.0705452 0.0226322 0.0736050 0.0197652 0.0226726 0.0197652 0.0736337 0.0863813 0.0861723 0.0861723 0.0799967 0.0799967 0.0707140 0.0226726 0.0198018 0.0675843 0.0740264 0.1102324 0.1102324 0.1102324 0.1102324 0.0768703 0.0768703 0.0768703 0.0768703 0.0768703 0.0768703 
OK649516_grayii_186       0.0490190 0.0490784 0.0869251 0.1021978 0.0000010 0.0932409 0.0642390 0.0055867 0.0988596 0.0988596 0.0226726 0.0000000 0.1185779 0.0000010 0.0027847 0.0027847 0.0055867 0.0027847 0.0083783 0.0000010 0.0000010 0.0490784 0.0027847 0.0027847 0.0027847 0.0055799 0.0000010 0.0795702 0.0795702 0.0490190 0.0055900 0.0027847 0.1035533 0.0932409 0.0932409 0.1067857 0.0490190 0.1287910 0.0642390 0.0520687 0.0580537 0.0580537 0.0550410 0.0055799 0.0550410 0.0027847 0.0000010 0.0027847 0.0580537 0.0765071 0.0765071 0.0765071 0.0640785 0.0640785 0.0550410 0.0000010 0.0083783 0.0520055 0.0612647 0.0967388 0.0967388 0.0967388 0.0967388 0.0642390 0.0642390 0.0642390 0.0642390 0.0642390 0.0642390 
OK649517_wageri_202       0.1113345 0.1216908 0.1366552 0.1288115 0.1182839 0.1434012 0.1153103 0.1189668 0.1253164 0.1253164 0.1390705 0.1185779 0.0000000 0.1182839 0.1188405 0.1185453 0.1189668 0.1185453 0.1213334 0.1182839 0.1182839 0.1216908 0.1188405 0.1188405 0.1188405 0.1190286 0.1188289 0.1224532 0.1224532 0.1113345 0.1220663 0.1188405 0.1547507 0.1434012 0.1437689 0.1582041 0.1113345 0.1825864 0.1153103 0.1246878 0.1277200 0.1277200 0.1244139 0.1153049 0.1276719 0.1185453 0.1185779 0.1185453 0.1277200 0.1354184 0.1350778 0.1350778 0.1283577 0.1283577 0.1247235 0.1185779 0.1216350 0.1148675 0.1221414 0.1470656 0.1470656 0.1470656 0.1470656 0.1153103 0.1153103 0.1153103 0.1153103 0.1153103 0.1153103 
OK649518_grayii_223       0.0489047 0.0490784 0.0867136 0.1019477 0.0000010 0.0930129 0.0640871 0.0055741 0.0986187 0.0986187 0.0226208 0.0000010 0.1182839 0.0000000 0.0027847 0.0027785 0.0055741 0.0027785 0.0083595 0.0000010 0.0000010 0.0490784 0.0027847 0.0027847 0.0027847 0.0055799 0.0000010 0.0795702 0.0795702 0.0489047 0.0055775 0.0027847 0.1032966 0.0930129 0.0932409 0.1065203 0.0489047 0.1284607 0.0640871 0.0519467 0.0579172 0.0579172 0.0549118 0.0055674 0.0578948 0.0027785 0.0000010 0.0027785 0.0579172 0.0765071 0.0763244 0.0763244 0.0640785 0.0640785 0.0550410 0.0000010 0.0083783 0.0520055 0.0612647 0.0965010 0.0965010 0.0965010 0.0965010 0.0640871 0.0640871 0.0640871 0.0640871 0.0640871 0.0640871 
OK649519_grayii_225       0.0491263 0.0491872 0.0871190 0.1024241 0.0027847 0.0934487 0.0643808 0.0027894 0.0990783 0.0990783 0.0198104 0.0027847 0.1188405 0.0027847 0.0000000 0.0000010 0.0027894 0.0000010 0.0055777 0.0027847 0.0027847 0.0491872 0.0000010 0.0000010 0.0000010 0.0027861 0.0027899 0.0797457 0.0797457 0.0491263 0.0027907 0.0000010 0.1037855 0.0934487 0.0934487 0.1070250 0.0491263 0.1290839 0.0643808 0.0521841 0.0581822 0.0581822 0.0551628 0.0027861 0.0551628 0.0000010 0.0027847 0.0000010 0.0581822 0.0766758 0.0766758 0.0766758 0.0642200 0.0642200 0.0551628 0.0027847 0.0055777 0.0521202 0.0614000 0.0969550 0.0969550 0.0969550 0.0969550 0.0643808 0.0643808 0.0643808 0.0643808 0.0643808 0.0643808 
OK649520_grayii_229       0.0490125 0.0491872 0.0869065 0.1021730 0.0027785 0.0932197 0.0642282 0.0027829 0.0988363 0.0988363 0.0197652 0.0027847 0.1185453 0.0027785 0.0000010 0.0000000 0.0027829 0.0000010 0.0055652 0.0027785 0.0027785 0.0491872 0.0000010 0.0000010 0.0000010 0.0027861 0.0027899 0.0797457 0.0797457 0.0490125 0.0027848 0.0000010 0.1035276 0.0932197 0.0934487 0.1067585 0.0490125 0.1287520 0.0642282 0.0520618 0.0580452 0.0580452 0.0550332 0.0027798 0.0580225 0.0000010 0.0027847 0.0000010 0.0580452 0.0766758 0.0764924 0.0764924 0.0642200 0.0642200 0.0551628 0.0027847 0.0055777 0.0521202 0.0614000 0.0967161 0.0967161 0.0967161 0.0967161 0.0642282 0.0642282 0.0642282 0.0642282 0.0642282 0.0642282 
OK649521_grayii_230       0.0491804 0.0462205 0.0837692 0.1025335 0.0055741 0.0900595 0.0612096 0.0000010 0.0991842 0.0991842 0.0226594 0.0055867 0.1189668 0.0055741 0.0027894 0.0027829 0.0000000 0.0027829 0.0083737 0.0055741 0.0055741 0.0462205 0.0027894 0.0027894 0.0027894 0.0055894 0.0055971 0.0766643 0.0766643 0.0491804 0.0055868 0.0027894 0.1003087 0.0900595 0.0902802 0.1035276 0.0491804 0.1292243 0.0612096 0.0490914 0.0582449 0.0582449 0.0552223 0.0055762 0.0582221 0.0027829 0.0055867 0.0027829 0.0582449 0.0769428 0.0767581 0.0767581 0.0644420 0.0644420 0.0553527 0.0055867 0.0083925 0.0522994 0.0583815 0.0964617 0.0964617 0.0964617 0.0964617 0.0612096 0.0612096 0.0612096 0.0612096 0.0612096 0.0612096 
OK649522_grayii_231       0.0490125 0.0491872 0.0869065 0.1021730 0.0027785 0.0932197 0.0642282 0.0027829 0.0988363 0.0988363 0.0197652 0.0027847 0.1185453 0.0027785 0.0000010 0.0000010 0.0027829 0.0000000 0.0055652 0.0027785 0.0027785 0.0491872 0.0000010 0.0000010 0.0000010 0.0027861 0.0027899 0.0797457 0.0797457 0.0490125 0.0027848 0.0000010 0.1035276 0.0932197 0.0934487 0.1067585 0.0490125 0.1287520 0.0642282 0.0520618 0.0580452 0.0580452 0.0550332 0.0027798 0.0580225 0.0000010 0.0027847 0.0000010 0.0580452 0.0766758 0.0764924 0.0764924 0.0642200 0.0642200 0.0551628 0.0027847 0.0055777 0.0521202 0.0614000 0.0967161 0.0967161 0.0967161 0.0967161 0.0642282 0.0642282 0.0642282 0.0642282 0.0642282 0.0642282 
OK649523_grayii_233       0.0489256 0.0490994 0.0867451 0.1019817 0.0083595 0.0930456 0.0641129 0.0083737 0.0986521 0.0986521 0.0197567 0.0083783 0.1213334 0.0083595 0.0055777 0.0055652 0.0083737 0.0055652 0.0000000 0.0083595 0.0083595 0.0490994 0.0055777 0.0055777 0.0055777 0.0083824 0.0083940 0.0796000 0.0796000 0.0489256 0.0083787 0.0055777 0.1033312 0.0930456 0.0932737 0.1065553 0.0489256 0.1217873 0.0641129 0.0519696 0.0579410 0.0579410 0.0549347 0.0083636 0.0579186 0.0055652 0.0083783 0.0055652 0.0579410 0.0765362 0.0763534 0.0763534 0.0641042 0.0641042 0.0550640 0.0083783 0.0000010 0.0520275 0.0612898 0.0965344 0.0965344 0.0965344 0.0965344 0.0641129 0.0641129 0.0641129 0.0641129 0.0641129 0.0641129 
OK649524_grayii_241       0.0489047 0.0490784 0.0867136 0.1019477 0.0000010 0.0930129 0.0640871 0.0055741 0.0986187 0.0986187 0.0226208 0.0000010 0.1182839 0.0000010 0.0027847 0.0027785 0.0055741 0.0027785 0.0083595 0.0000000 0.0000010 0.0490784 0.0027847 0.0027847 0.0027847 0.0055799 0.0000010 0.0795702 0.0795702 0.0489047 0.0055775 0.0027847 0.1032966 0.0930129 0.0932409 0.1065203 0.0489047 0.1284607 0.0640871 0.0519467 0.0579172 0.0579172 0.0549118 0.0055674 0.0578948 0.0027785 0.0000010 0.0027785 0.0579172 0.0765071 0.0763244 0.0763244 0.0640785 0.0640785 0.0550410 0.0000010 0.0083783 0.0520055 0.0612647 0.0965010 0.0965010 0.0965010 0.0965010 0.0640871 0.0640871 0.0640871 0.0640871 0.0640871 0.0640871 
OK649525_grayii_242       0.0489047 0.0490784 0.0867136 0.1019477 0.0000010 0.0930129 0.0640871 0.0055741 0.0986187 0.0986187 0.0226208 0.0000010 0.1182839 0.0000010 0.0027847 0.0027785 0.0055741 0.0027785 0.0083595 0.0000010 0.0000000 0.0490784 0.0027847 0.0027847 0.0027847 0.0055799 0.0000010 0.0795702 0.0795702 0.0489047 0.0055775 0.0027847 0.1032966 0.0930129 0.0932409 0.1065203 0.0489047 0.1284607 0.0640871 0.0519467 0.0579172 0.0579172 0.0549118 0.0055674 0.0578948 0.0027785 0.0000010 0.0027785 0.0579172 0.0765071 0.0763244 0.0763244 0.0640785 0.0640785 0.0550410 0.0000010 0.0083783 0.0520055 0.0612647 0.0965010 0.0965010 0.0965010 0.0965010 0.0640871 0.0640871 0.0640871 0.0640871 0.0640871 0.0640871 
OK649526_fasciatus_245    0.0084315 0.0000010 0.0558805 0.0898211 0.0490784 0.0619640 0.0371822 0.0462205 0.0865388 0.0865388 0.0645962 0.0490784 0.1216908 0.0490784 0.0491872 0.0491872 0.0462205 0.0491872 0.0490994 0.0490784 0.0490784 0.0000000 0.0491872 0.0491872 0.0491872 0.0521841 0.0491752 0.0550297 0.0550297 0.0084315 0.0522788 0.0491872 0.0716877 0.0619640 0.0619640 0.0747992 0.0084315 0.1025288 0.0371822 0.0027961 0.0169712 0.0169712 0.0141156 0.0521841 0.0141156 0.0491872 0.0490784 0.0491872 0.0169712 0.0492369 0.0492369 0.0492369 0.0431581 0.0431581 0.0141156 0.0490784 0.0490994 0.0112634 0.0373347 0.0681410 0.0681410 0.0681410 0.0681410 0.0371822 0.0371822 0.0371822 0.0371822 0.0371822 0.0371822 
OK649527_grayii_246       0.0491263 0.0491872 0.0871190 0.1024241 0.0027847 0.0934487 0.0643808 0.0027894 0.0990783 0.0990783 0.0198104 0.0027847 0.1188405 0.0027847 0.0000010 0.0000010 0.0027894 0.0000010 0.0055777 0.0027847 0.0027847 0.0491872 0.0000000 0.0000010 0.0000010 0.0027861 0.0027899 0.0797457 0.0797457 0.0491263 0.0027907 0.0000010 0.1037855 0.0934487 0.0934487 0.1070250 0.0491263 0.1290839 0.0643808 0.0521841 0.0581822 0.0581822 0.0551628 0.0027861 0.0551628 0.0000010 0.0027847 0.0000010 0.0581822 0.0766758 0.0766758 0.0766758 0.0642200 0.0642200 0.0551628 0.0027847 0.0055777 0.0521202 0.0614000 0.0969550 0.0969550 0.0969550 0.0969550 0.0643808 0.0643808 0.0643808 0.0643808 0.0643808 0.0643808 
OK649528_grayii_247       0.0491263 0.0491872 0.0871190 0.1024241 0.0027847 0.0934487 0.0643808 0.0027894 0.0990783 0.0990783 0.0198104 0.0027847 0.1188405 0.0027847 0.0000010 0.0000010 0.0027894 0.0000010 0.0055777 0.0027847 0.0027847 0.0491872 0.0000010 0.0000000 0.0000010 0.0027861 0.0027899 0.0797457 0.0797457 0.0491263 0.0027907 0.0000010 0.1037855 0.0934487 0.0934487 0.1070250 0.0491263 0.1290839 0.0643808 0.0521841 0.0581822 0.0581822 0.0551628 0.0027861 0.0551628 0.0000010 0.0027847 0.0000010 0.0581822 0.0766758 0.0766758 0.0766758 0.0642200 0.0642200 0.0551628 0.0027847 0.0055777 0.0521202 0.0614000 0.0969550 0.0969550 0.0969550 0.0969550 0.0643808 0.0643808 0.0643808 0.0643808 0.0643808 0.0643808 
OK649529_grayii_248       0.0491263 0.0491872 0.0871190 0.1024241 0.0027847 0.0934487 0.0643808 0.0027894 0.0990783 0.0990783 0.0198104 0.0027847 0.1188405 0.0027847 0.0000010 0.0000010 0.0027894 0.0000010 0.0055777 0.0027847 0.0027847 0.0491872 0.0000010 0.0000010 0.0000000 0.0027861 0.0027899 0.0797457 0.0797457 0.0491263 0.0027907 0.0000010 0.1037855 0.0934487 0.0934487 0.1070250 0.0491263 0.1290839 0.0643808 0.0521841 0.0581822 0.0581822 0.0551628 0.0027861 0.0551628 0.0000010 0.0027847 0.0000010 0.0581822 0.0766758 0.0766758 0.0766758 0.0642200 0.0642200 0.0551628 0.0027847 0.0055777 0.0521202 0.0614000 0.0969550 0.0969550 0.0969550 0.0969550 0.0643808 0.0643808 0.0643808 0.0643808 0.0643808 0.0643808 
OK649530_grayii_249       0.0521202 0.0521841 0.0903108 0.1056595 0.0055799 0.0966663 0.0674435 0.0055894 0.1022955 0.1022955 0.0226841 0.0055799 0.1190286 0.0055799 0.0027861 0.0027861 0.0055894 0.0027861 0.0083824 0.0055799 0.0055799 0.0521841 0.0027861 0.0027861 0.0027861 0.0000000 0.0055904 0.0828700 0.0828700 0.0521202 0.0055918 0.0027861 0.1070666 0.0966663 0.0966663 0.1103195 0.0521202 0.1325256 0.0674435 0.0551932 0.0612139 0.0612139 0.0581822 0.0055826 0.0581822 0.0027861 0.0055799 0.0027861 0.0612139 0.0797885 0.0797885 0.0797885 0.0672753 0.0672753 0.0581822 0.0055799 0.0083824 0.0551254 0.0644540 0.1001961 0.1001961 0.1001961 0.1001961 0.0674435 0.0674435 0.0674435 0.0674435 0.0674435 0.0674435 
OK649531_grayii_250       0.0491155 0.0491752 0.0871047 0.1024107 0.0000010 0.0934346 0.0643674 0.0055971 0.0990647 0.0990647 0.0227161 0.0000010 0.1188289 0.0000010 0.0027899 0.0027899 0.0055971 0.0027899 0.0083940 0.0000010 0.0000010 0.0491752 0.0027899 0.0027899 0.0027899 0.0055904 0.0000000 0.0797308 0.0797308 0.0491155 0.0056005 0.0027899 0.1037720 0.0934346 0.0934346 0.1070118 0.0491155 0.1290738 0.0643674 0.0521717 0.0581691 0.0581691 0.0551501 0.0055904 0.0551501 0.0027899 0.0000010 0.0027899 0.0581691 0.0766618 0.0766618 0.0766618 0.0642065 0.0642065 0.0551501 0.0000010 0.0083940 0.0521081 0.0613869 0.0969410 0.0969410 0.0969410 0.0969410 0.0643674 0.0643674 0.0643674 0.0643674 0.0643674 0.0643674 
OK649532_merumontanus_268 0.0581475 0.0550297 0.0373839 0.0860902 0.0795702 0.0432713 0.0283644 0.0766643 0.0828470 0.0828470 0.0927405 0.0795702 0.1224532 0.0795702 0.0797457 0.0797457 0.0766643 0.0797457 0.0796000 0.0795702 0.0795702 0.0550297 0.0797457 0.0797457 0.0797457 0.0828700 0.0797308 0.0000000 0.0000010 0.0581475 0.0830208 0.0797457 0.0525522 0.0432713 0.0432713 0.0555616 0.0581475 0.0819348 0.0283644 0.0580419 0.0673208 0.0673208 0.0642636 0.0828700 0.0642636 0.0797457 0.0795702 0.0797457 0.0673208 0.0371560 0.0371560 0.0371560 0.0400874 0.0400874 0.0642636 0.0795702 0.0796000 0.0611775 0.0546412 0.0492366 0.0492366 0.0492366 0.0492366 0.0283644 0.0283644 0.0283644 0.0283644 0.0283644 0.0283644 
OK649533_merumontanus_269 0.0581475 0.0550297 0.0373839 0.0860902 0.0795702 0.0432713 0.0283644 0.0766643 0.0828470 0.0828470 0.0927405 0.0795702 0.1224532 0.0795702 0.0797457 0.0797457 0.0766643 0.0797457 0.0796000 0.0795702 0.0795702 0.0550297 0.0797457 0.0797457 0.0797457 0.0828700 0.0797308 0.0000010 0.0000000 0.0581475 0.0830208 0.0797457 0.0525522 0.0432713 0.0432713 0.0555616 0.0581475 0.0819348 0.0283644 0.0580419 0.0673208 0.0673208 0.0642636 0.0828700 0.0642636 0.0797457 0.0795702 0.0797457 0.0673208 0.0371560 0.0371560 0.0371560 0.0400874 0.0400874 0.0642636 0.0795702 0.0796000 0.0611775 0.0546412 0.0492366 0.0492366 0.0492366 0.0492366 0.0283644 0.0283644 0.0283644 0.0283644 0.0283644 0.0283644 
OK649534_fasciatus_711    0.0000010 0.0084315 0.0589072 0.0861872 0.0489047 0.0650097 0.0400997 0.0491804 0.0829408 0.0829408 0.0643624 0.0490190 0.1113345 0.0489047 0.0491263 0.0490125 0.0491804 0.0490125 0.0489256 0.0489047 0.0489047 0.0084315 0.0491263 0.0491263 0.0491263 0.0521202 0.0491155 0.0581475 0.0581475 0.0000000 0.0520923 0.0491263 0.0747848 0.0650097 0.0651660 0.0779061 0.0000010 0.0986646 0.0400997 0.0112379 0.0140434 0.0140434 0.0112133 0.0519982 0.0140378 0.0490125 0.0490190 0.0490125 0.0140434 0.0461153 0.0460077 0.0460077 0.0400871 0.0400871 0.0112388 0.0490190 0.0490401 0.0027931 0.0462832 0.0682055 0.0682055 0.0682055 0.0682055 0.0400997 0.0400997 0.0400997 0.0400997 0.0400997 0.0400997 
OK649535_grayii_714       0.0520923 0.0522788 0.0902556 0.1055924 0.0055775 0.0966061 0.0674054 0.0055868 0.1022313 0.1022313 0.0226727 0.0055900 0.1220663 0.0055775 0.0027907 0.0027848 0.0055868 0.0027848 0.0083787 0.0055775 0.0055775 0.0522788 0.0027907 0.0027907 0.0027907 0.0055918 0.0056005 0.0830208 0.0830208 0.0520923 0.0000000 0.0027907 0.1069976 0.0966061 0.0968444 0.1102478 0.0520923 0.1324329 0.0674054 0.0551632 0.0611801 0.0611801 0.0581503 0.0055801 0.0611562 0.0027848 0.0055900 0.0027848 0.0611801 0.0799338 0.0797417 0.0797417 0.0673974 0.0673974 0.0582878 0.0055900 0.0083976 0.0552253 0.0645714 0.1001329 0.1001329 0.1001329 0.1001329 0.0674054 0.0674054 0.0674054 0.0674054 0.0674054 0.0674054 
OK649536_grayii_715       0.0491263 0.0491872 0.0871190 0.1024241 0.0027847 0.0934487 0.0643808 0.0027894 0.0990783 0.0990783 0.0198104 0.0027847 0.1188405 0.0027847 0.0000010 0.0000010 0.0027894 0.0000010 0.0055777 0.0027847 0.0027847 0.0491872 0.0000010 0.0000010 0.0000010 0.0027861 0.0027899 0.0797457 0.0797457 0.0491263 0.0027907 0.0000000 0.1037855 0.0934487 0.0934487 0.1070250 0.0491263 0.1290839 0.0643808 0.0521841 0.0581822 0.0581822 0.0551628 0.0027861 0.0551628 0.0000010 0.0027847 0.0000010 0.0581822 0.0766758 0.0766758 0.0766758 0.0642200 0.0642200 0.0551628 0.0027847 0.0055777 0.0521202 0.0614000 0.0969550 0.0969550 0.0969550 0.0969550 0.0643808 0.0643808 0.0643808 0.0643808 0.0643808 0.0643808 
OK649537_merumontanus_716 0.0747848 0.0716877 0.0199017 0.1134956 0.1032966 0.0084559 0.0406901 0.1003087 0.1100512 0.1100512 0.1172391 0.1035533 0.1547507 0.1032966 0.1037855 0.1035276 0.1003087 0.1035276 0.1033312 0.1032966 0.1032966 0.0716877 0.1037855 0.1037855 0.1037855 0.1070666 0.1037720 0.0525522 0.0525522 0.0747848 0.1069976 0.1037855 0.0000000 0.0084559 0.0084753 0.0027895 0.0747848 0.0629702 0.0406901 0.0746472 0.0843396 0.0843396 0.0811585 0.1067999 0.0843065 0.1035276 0.1035533 0.1035276 0.0843396 0.0683314 0.0681670 0.0681670 0.0529421 0.0529421 0.0813574 0.1035533 0.1035880 0.0781272 0.0646785 0.0141490 0.0141490 0.0141490 0.0141490 0.0406901 0.0406901 0.0406901 0.0406901 0.0406901 0.0406901 
OK649538_merumontanus_721 0.0650097 0.0619640 0.0112402 0.1029868 0.0930129 0.0000010 0.0315915 0.0900595 0.0996211 0.0996211 0.1066238 0.0932409 0.1434012 0.0930129 0.0934487 0.0932197 0.0900595 0.0932197 0.0930456 0.0930129 0.0930129 0.0619640 0.0934487 0.0934487 0.0934487 0.0966663 0.0934346 0.0432713 0.0432713 0.0650097 0.0966061 0.0934487 0.0084559 0.0000000 0.0000010 0.0112917 0.0650097 0.0533145 0.0315915 0.0648908 0.0743792 0.0743792 0.0712580 0.0964288 0.0743500 0.0932197 0.0932409 0.0932197 0.0743792 0.0586990 0.0585596 0.0585596 0.0435896 0.0435896 0.0714303 0.0932409 0.0932737 0.0682670 0.0551862 0.0055942 0.0055942 0.0055942 0.0055942 0.0315915 0.0315915 0.0315915 0.0315915 0.0315915 0.0315915 
OK649539_merumontanus_722 0.0651660 0.0619640 0.0112658 0.1032419 0.0932409 0.0000010 0.0316650 0.0902802 0.0998670 0.0998670 0.1068896 0.0932409 0.1437689 0.0932409 0.0934487 0.0934487 0.0902802 0.0934487 0.0932737 0.0932409 0.0932409 0.0619640 0.0934487 0.0934487 0.0934487 0.0966663 0.0934346 0.0432713 0.0432713 0.0651660 0.0968444 0.0934487 0.0084753 0.0000010 0.0000000 0.0113175 0.0651660 0.0534428 0.0316650 0.0650465 0.0745595 0.0745595 0.0714303 0.0966663 0.0714303 0.0934487 0.0932409 0.0934487 0.0745595 0.0586990 0.0586990 0.0586990 0.0435896 0.0435896 0.0714303 0.0932409 0.0932737 0.0682670 0.0551862 0.0056069 0.0056069 0.0056069 0.0056069 0.0316650 0.0316650 0.0316650 0.0316650 0.0316650 0.0316650 
OK649540_merumontanus_724 0.0779061 0.0747992 0.0227798 0.1167695 0.1065203 0.0112917 0.0436663 0.1035276 0.1133073 0.1133073 0.1137622 0.1067857 0.1582041 0.1065203 0.1070250 0.1067585 0.1035276 0.1067585 0.1065553 0.1065203 0.1065203 0.0747992 0.1070250 0.1070250 0.1070250 0.1103195 0.1070118 0.0555616 0.0555616 0.0779061 0.1102478 0.1070250 0.0027895 0.0112917 0.0113175 0.0000000 0.0779061 0.0660789 0.0436663 0.0777627 0.0875001 0.0875001 0.0843065 0.1100441 0.0874657 0.1067585 0.1067857 0.1067585 0.0875001 0.0651453 0.0649891 0.0649891 0.0559742 0.0559742 0.0845135 0.1067857 0.1068208 0.0812688 0.0677304 0.0170047 0.0170047 0.0170047 0.0170047 0.0436663 0.0436663 0.0436663 0.0436663 0.0436663 0.0436663 
OK649541_fasciatus_740    0.0000010 0.0084315 0.0589072 0.0861872 0.0489047 0.0650097 0.0400997 0.0491804 0.0829408 0.0829408 0.0643624 0.0490190 0.1113345 0.0489047 0.0491263 0.0490125 0.0491804 0.0490125 0.0489256 0.0489047 0.0489047 0.0084315 0.0491263 0.0491263 0.0491263 0.0521202 0.0491155 0.0581475 0.0581475 0.0000010 0.0520923 0.0491263 0.0747848 0.0650097 0.0651660 0.0779061 0.0000000 0.0986646 0.0400997 0.0112379 0.0140434 0.0140434 0.0112133 0.0519982 0.0140378 0.0490125 0.0490190 0.0490125 0.0140434 0.0461153 0.0460077 0.0460077 0.0400871 0.0400871 0.0112388 0.0490190 0.0490401 0.0027931 0.0462832 0.0682055 0.0682055 0.0682055 0.0682055 0.0400997 0.0400997 0.0400997 0.0400997 0.0400997 0.0400997 
OK649542_merumontanus_791 0.0986646 0.1025288 0.0411882 0.1392255 0.1284607 0.0533145 0.0694720 0.1292243 0.1355828 0.1355828 0.1295511 0.1287910 0.1825864 0.1284607 0.1290839 0.1287520 0.1292243 0.1287520 0.1217873 0.1284607 0.1284607 0.1025288 0.1290839 0.1290839 0.1290839 0.1325256 0.1290738 0.0819348 0.0819348 0.0986646 0.1324329 0.1290839 0.0629702 0.0533145 0.0534428 0.0660789 0.0986646 0.0000000 0.0694720 0.1055953 0.1086881 0.1086881 0.1053555 0.1321840 0.1086453 0.1287520 0.1287910 0.1287520 0.1086881 0.0918528 0.0916243 0.0916243 0.0757570 0.0757570 0.1056225 0.1287910 0.1220991 0.1022231 0.1013997 0.0564769 0.0564769 0.0564769 0.0564769 0.0694720 0.0694720 0.0694720 0.0694720 0.0694720 0.0694720 
OK649543_merumontanus_828 0.0400997 0.0371822 0.0257676 0.0828302 0.0640871 0.0315915 0.0000010 0.0612096 0.0796095 0.0796095 0.0768703 0.0642390 0.1153103 0.0640871 0.0643808 0.0642282 0.0612096 0.0642282 0.0641129 0.0640871 0.0640871 0.0371822 0.0643808 0.0643808 0.0643808 0.0674435 0.0643674 0.0283644 0.0283644 0.0400997 0.0674054 0.0643808 0.0406901 0.0315915 0.0316650 0.0436663 0.0400997 0.0694720 0.0000000 0.0400280 0.0490148 0.0490148 0.0460405 0.0672833 0.0489956 0.0642282 0.0642390 0.0642282 0.0490148 0.0429858 0.0428863 0.0428863 0.0226272 0.0226272 0.0461472 0.0642390 0.0642649 0.0431487 0.0342696 0.0374835 0.0374835 0.0374835 0.0374835 0.0000010 0.0000010 0.0000010 0.0000010 0.0000010 0.0000010 
OK649544_fasciatus_834    0.0112379 0.0027961 0.0587994 0.0927816 0.0519467 0.0648908 0.0400280 0.0490914 0.0894905 0.0894905 0.0675078 0.0520687 0.1246878 0.0519467 0.0521841 0.0520618 0.0490914 0.0520618 0.0519696 0.0519467 0.0519467 0.0027961 0.0521841 0.0521841 0.0521841 0.0551932 0.0521717 0.0580419 0.0580419 0.0112379 0.0551632 0.0521841 0.0746472 0.0648908 0.0650465 0.0777627 0.0112379 0.1055953 0.0400280 0.0000000 0.0140887 0.0140887 0.0169325 0.0550635 0.0197847 0.0520618 0.0520687 0.0520618 0.0140887 0.0522368 0.0521143 0.0521143 0.0461260 0.0461260 0.0169712 0.0520687 0.0520907 0.0141062 0.0402858 0.0710775 0.0710775 0.0710775 0.0710775 0.0400280 0.0400280 0.0400280 0.0400280 0.0400280 0.0400280 
OK649545_fasciatus_846    0.0140434 0.0169712 0.0682017 0.0957623 0.0579172 0.0743792 0.0490148 0.0582449 0.0924610 0.0924610 0.0736337 0.0580537 0.1277200 0.0579172 0.0581822 0.0580452 0.0582449 0.0580452 0.0579410 0.0579172 0.0579172 0.0169712 0.0581822 0.0581822 0.0581822 0.0612139 0.0581691 0.0673208 0.0673208 0.0140434 0.0611801 0.0581822 0.0843396 0.0743792 0.0745595 0.0875001 0.0140434 0.1086881 0.0490148 0.0140887 0.0000000 0.0000010 0.0027893 0.0610694 0.0055870 0.0580452 0.0580537 0.0580452 0.0000010 0.0491546 0.0490398 0.0490398 0.0489986 0.0489986 0.0027956 0.0580537 0.0580777 0.0112430 0.0553284 0.0776307 0.0776307 0.0776307 0.0776307 0.0490148 0.0490148 0.0490148 0.0490148 0.0490148 0.0490148 
OK649546_fasciatus_847    0.0140434 0.0169712 0.0682017 0.0957623 0.0579172 0.0743792 0.0490148 0.0582449 0.0924610 0.0924610 0.0736337 0.0580537 0.1277200 0.0579172 0.0581822 0.0580452 0.0582449 0.0580452 0.0579410 0.0579172 0.0579172 0.0169712 0.0581822 0.0581822 0.0581822 0.0612139 0.0581691 0.0673208 0.0673208 0.0140434 0.0611801 0.0581822 0.0843396 0.0743792 0.0745595 0.0875001 0.0140434 0.1086881 0.0490148 0.0140887 0.0000010 0.0000000 0.0027893 0.0610694 0.0055870 0.0580452 0.0580537 0.0580452 0.0000010 0.0491546 0.0490398 0.0490398 0.0489986 0.0489986 0.0027956 0.0580537 0.0580777 0.0112430 0.0553284 0.0776307 0.0776307 0.0776307 0.0776307 0.0490148 0.0490148 0.0490148 0.0490148 0.0490148 0.0490148 
OK649547_fasciatus_848    0.0112133 0.0141156 0.0651043 0.0925767 0.0549118 0.0712580 0.0460405 0.0552223 0.0892931 0.0892931 0.0705452 0.0550410 0.1244139 0.0549118 0.0551628 0.0550332 0.0552223 0.0550332 0.0549347 0.0549118 0.0549118 0.0141156 0.0551628 0.0551628 0.0551628 0.0581822 0.0551501 0.0642636 0.0642636 0.0112133 0.0581503 0.0551628 0.0811585 0.0712580 0.0714303 0.0843065 0.0112133 0.1053555 0.0460405 0.0169325 0.0027893 0.0027893 0.0000000 0.0580452 0.0027882 0.0550332 0.0550410 0.0550332 0.0027893 0.0461714 0.0460637 0.0460637 0.0460253 0.0460253 0.0000010 0.0550410 0.0550640 0.0084162 0.0523116 0.0744915 0.0744915 0.0744915 0.0744915 0.0460405 0.0460405 0.0460405 0.0460405 0.0460405 0.0460405 
OK649548_grayii_849       0.0519982 0.0521841 0.0900900 0.0989972 0.0055674 0.0964288 0.0672833 0.0055762 0.0956772 0.0956772 0.0226322 0.0055799 0.1153049 0.0055674 0.0027861 0.0027798 0.0055762 0.0027798 0.0083636 0.0055674 0.0055674 0.0521841 0.0027861 0.0027861 0.0027861 0.0055826 0.0055904 0.0828700 0.0828700 0.0519982 0.0055801 0.0027861 0.1067999 0.0964288 0.0966663 0.1100441 0.0519982 0.1321840 0.0672833 0.0550635 0.0610694 0.0610694 0.0580452 0.0000000 0.0610456 0.0027798 0.0055799 0.0027798 0.0610694 0.0797885 0.0795971 0.0795971 0.0672753 0.0672753 0.0581822 0.0055799 0.0083824 0.0551254 0.0644540 0.0999486 0.0999486 0.0999486 0.0999486 0.0672833 0.0672833 0.0672833 0.0672833 0.0672833 0.0672833 
OK649549_fasciatus_850    0.0140378 0.0141156 0.0681748 0.0957253 0.0578948 0.0743500 0.0489956 0.0582221 0.0924254 0.0924254 0.0736050 0.0550410 0.1276719 0.0578948 0.0551628 0.0580225 0.0582221 0.0580225 0.0579186 0.0578948 0.0578948 0.0141156 0.0551628 0.0551628 0.0551628 0.0581822 0.0551501 0.0642636 0.0642636 0.0140378 0.0611562 0.0551628 0.0843065 0.0743500 0.0714303 0.0874657 0.0140378 0.1086453 0.0489956 0.0197847 0.0055870 0.0055870 0.0027882 0.0610456 0.0000000 0.0580225 0.0550410 0.0580225 0.0055870 0.0461714 0.0490205 0.0490205 0.0460253 0.0460253 0.0000010 0.0550410 0.0550640 0.0084162 0.0523116 0.0776002 0.0776002 0.0776002 0.0776002 0.0489956 0.0489956 0.0489956 0.0489956 0.0489956 0.0489956 
OK649550_grayii_851       0.0490125 0.0491872 0.0869065 0.1021730 0.0027785 0.0932197 0.0642282 0.0027829 0.0988363 0.0988363 0.0197652 0.0027847 0.1185453 0.0027785 0.0000010 0.0000010 0.0027829 0.0000010 0.0055652 0.0027785 0.0027785 0.0491872 0.0000010 0.0000010 0.0000010 0.0027861 0.0027899 0.0797457 0.0797457 0.0490125 0.0027848 0.0000010 0.1035276 0.0932197 0.0934487 0.1067585 0.0490125 0.1287520 0.0642282 0.0520618 0.0580452 0.0580452 0.0550332 0.0027798 0.0580225 0.0000000 0.0027847 0.0000010 0.0580452 0.0766758 0.0764924 0.0764924 0.0642200 0.0642200 0.0551628 0.0027847 0.0055777 0.0521202 0.0614000 0.0967161 0.0967161 0.0967161 0.0967161 0.0642282 0.0642282 0.0642282 0.0642282 0.0642282 0.0642282 
OK649551_grayii_852       0.0490190 0.0490784 0.0869251 0.1021978 0.0000010 0.0932409 0.0642390 0.0055867 0.0988596 0.0988596 0.0226726 0.0000010 0.1185779 0.0000010 0.0027847 0.0027847 0.0055867 0.0027847 0.0083783 0.0000010 0.0000010 0.0490784 0.0027847 0.0027847 0.0027847 0.0055799 0.0000010 0.0795702 0.0795702 0.0490190 0.0055900 0.0027847 0.1035533 0.0932409 0.0932409 0.1067857 0.0490190 0.1287910 0.0642390 0.0520687 0.0580537 0.0580537 0.0550410 0.0055799 0.0550410 0.0027847 0.0000000 0.0027847 0.0580537 0.0765071 0.0765071 0.0765071 0.0640785 0.0640785 0.0550410 0.0000010 0.0083783 0.0520055 0.0612647 0.0967388 0.0967388 0.0967388 0.0967388 0.0642390 0.0642390 0.0642390 0.0642390 0.0642390 0.0642390 
OK649552_grayii_853       0.0490125 0.0491872 0.0869065 0.1021730 0.0027785 0.0932197 0.0642282 0.0027829 0.0988363 0.0988363 0.0197652 0.0027847 0.1185453 0.0027785 0.0000010 0.0000010 0.0027829 0.0000010 0.0055652 0.0027785 0.0027785 0.0491872 0.0000010 0.0000010 0.0000010 0.0027861 0.0027899 0.0797457 0.0797457 0.0490125 0.0027848 0.0000010 0.1035276 0.0932197 0.0934487 0.1067585 0.0490125 0.1287520 0.0642282 0.0520618 0.0580452 0.0580452 0.0550332 0.0027798 0.0580225 0.0000010 0.0027847 0.0000000 0.0580452 0.0766758 0.0764924 0.0764924 0.0642200 0.0642200 0.0551628 0.0027847 0.0055777 0.0521202 0.0614000 0.0967161 0.0967161 0.0967161 0.0967161 0.0642282 0.0642282 0.0642282 0.0642282 0.0642282 0.0642282 
OK649553_fasciatus_857    0.0140434 0.0169712 0.0682017 0.0957623 0.0579172 0.0743792 0.0490148 0.0582449 0.0924610 0.0924610 0.0736337 0.0580537 0.1277200 0.0579172 0.0581822 0.0580452 0.0582449 0.0580452 0.0579410 0.0579172 0.0579172 0.0169712 0.0581822 0.0581822 0.0581822 0.0612139 0.0581691 0.0673208 0.0673208 0.0140434 0.0611801 0.0581822 0.0843396 0.0743792 0.0745595 0.0875001 0.0140434 0.1086881 0.0490148 0.0140887 0.0000010 0.0000010 0.0027893 0.0610694 0.0055870 0.0580452 0.0580537 0.0580452 0.0000000 0.0491546 0.0490398 0.0490398 0.0489986 0.0489986 0.0027956 0.0580537 0.0580777 0.0112430 0.0553284 0.0776307 0.0776307 0.0776307 0.0776307 0.0490148 0.0490148 0.0490148 0.0490148 0.0490148 0.0490148 
OK649554_merumontanus_861 0.0461153 0.0492369 0.0526583 0.0797176 0.0765071 0.0586990 0.0429858 0.0769428 0.0765125 0.0765125 0.0863813 0.0765071 0.1354184 0.0765071 0.0766758 0.0766758 0.0769428 0.0766758 0.0765362 0.0765071 0.0765071 0.0492369 0.0766758 0.0766758 0.0766758 0.0797885 0.0766618 0.0371560 0.0371560 0.0461153 0.0799338 0.0766758 0.0683314 0.0586990 0.0586990 0.0651453 0.0461153 0.0918528 0.0429858 0.0522368 0.0491546 0.0491546 0.0461714 0.0797885 0.0461714 0.0766758 0.0765071 0.0766758 0.0491546 0.0000000 0.0000010 0.0000010 0.0254592 0.0254592 0.0461714 0.0765071 0.0765362 0.0490945 0.0672070 0.0618514 0.0618514 0.0618514 0.0618514 0.0429858 0.0429858 0.0429858 0.0429858 0.0429858 0.0429858 
OK649555_merumontanus_863 0.0460077 0.0492369 0.0525338 0.0795266 0.0763244 0.0585596 0.0428863 0.0767581 0.0763298 0.0763298 0.0861723 0.0765071 0.1350778 0.0763244 0.0766758 0.0764924 0.0767581 0.0764924 0.0763534 0.0763244 0.0763244 0.0492369 0.0766758 0.0766758 0.0766758 0.0797885 0.0766618 0.0371560 0.0371560 0.0460077 0.0797417 0.0766758 0.0681670 0.0585596 0.0586990 0.0649891 0.0460077 0.0916243 0.0428863 0.0521143 0.0490398 0.0490398 0.0460637 0.0795971 0.0490205 0.0764924 0.0765071 0.0764924 0.0490398 0.0000010 0.0000000 0.0000010 0.0254592 0.0254592 0.0461714 0.0765071 0.0765362 0.0490945 0.0672070 0.0617040 0.0617040 0.0617040 0.0617040 0.0428863 0.0428863 0.0428863 0.0428863 0.0428863 0.0428863 
OK649556_merumontanus_864 0.0460077 0.0492369 0.0525338 0.0795266 0.0763244 0.0585596 0.0428863 0.0767581 0.0763298 0.0763298 0.0861723 0.0765071 0.1350778 0.0763244 0.0766758 0.0764924 0.0767581 0.0764924 0.0763534 0.0763244 0.0763244 0.0492369 0.0766758 0.0766758 0.0766758 0.0797885 0.0766618 0.0371560 0.0371560 0.0460077 0.0797417 0.0766758 0.0681670 0.0585596 0.0586990 0.0649891 0.0460077 0.0916243 0.0428863 0.0521143 0.0490398 0.0490398 0.0460637 0.0795971 0.0490205 0.0764924 0.0765071 0.0764924 0.0490398 0.0000010 0.0000010 0.0000000 0.0254592 0.0254592 0.0461714 0.0765071 0.0765362 0.0490945 0.0672070 0.0617040 0.0617040 0.0617040 0.0617040 0.0428863 0.0428863 0.0428863 0.0428863 0.0428863 0.0428863 
OK649557_merumontanus_869 0.0400871 0.0431581 0.0376585 0.0828241 0.0640785 0.0435896 0.0226272 0.0644420 0.0796029 0.0796029 0.0799967 0.0640785 0.1283577 0.0640785 0.0642200 0.0642200 0.0644420 0.0642200 0.0641042 0.0640785 0.0640785 0.0431581 0.0642200 0.0642200 0.0642200 0.0672753 0.0642065 0.0400874 0.0400874 0.0400871 0.0673974 0.0642200 0.0529421 0.0435896 0.0435896 0.0559742 0.0400871 0.0757570 0.0226272 0.0461260 0.0489986 0.0489986 0.0460253 0.0672753 0.0460253 0.0642200 0.0640785 0.0642200 0.0489986 0.0254592 0.0254592 0.0254592 0.0000000 0.0000010 0.0460253 0.0640785 0.0641042 0.0430349 0.0520765 0.0466580 0.0466580 0.0466580 0.0466580 0.0226272 0.0226272 0.0226272 0.0226272 0.0226272 0.0226272 
OK649558_merumontanus_871 0.0400871 0.0431581 0.0376585 0.0828241 0.0640785 0.0435896 0.0226272 0.0644420 0.0796029 0.0796029 0.0799967 0.0640785 0.1283577 0.0640785 0.0642200 0.0642200 0.0644420 0.0642200 0.0641042 0.0640785 0.0640785 0.0431581 0.0642200 0.0642200 0.0642200 0.0672753 0.0642065 0.0400874 0.0400874 0.0400871 0.0673974 0.0642200 0.0529421 0.0435896 0.0435896 0.0559742 0.0400871 0.0757570 0.0226272 0.0461260 0.0489986 0.0489986 0.0460253 0.0672753 0.0460253 0.0642200 0.0640785 0.0642200 0.0489986 0.0254592 0.0254592 0.0254592 0.0000010 0.0000000 0.0460253 0.0640785 0.0641042 0.0430349 0.0520765 0.0466580 0.0466580 0.0466580 0.0466580 0.0226272 0.0226272 0.0226272 0.0226272 0.0226272 0.0226272 
OK649559_fasciatus_873    0.0112388 0.0141156 0.0652610 0.0928025 0.0550410 0.0714303 0.0461472 0.0553527 0.0895101 0.0895101 0.0707140 0.0550410 0.1247235 0.0550410 0.0551628 0.0551628 0.0553527 0.0551628 0.0550640 0.0550410 0.0550410 0.0141156 0.0551628 0.0551628 0.0551628 0.0581822 0.0551501 0.0642636 0.0642636 0.0112388 0.0582878 0.0551628 0.0813574 0.0714303 0.0714303 0.0845135 0.0112388 0.1056225 0.0461472 0.0169712 0.0027956 0.0027956 0.0000010 0.0581822 0.0000010 0.0551628 0.0550410 0.0551628 0.0027956 0.0461714 0.0461714 0.0461714 0.0460253 0.0460253 0.0000000 0.0550410 0.0550640 0.0084162 0.0523116 0.0746723 0.0746723 0.0746723 0.0746723 0.0461472 0.0461472 0.0461472 0.0461472 0.0461472 0.0461472 
